var vijftigplus = [['1.2', '1.3', '1.4', '1.1'],
                  ['2.1','2.3','2.2','2.4'],
                  ['3.3','3.4','3.1','3.2'],
                  ['1','2','3']];

var cda = [['1.3', '1.1', '1.4', '1.2'],
          ['2.3','2.2','2.1','2.4'],
          ['3.3','3.4','3.2','3.1'],
          ['1','2','3']];

var cu = [['1.4', '1.3', '1.2', '1.1'],
         ['2.3','2.2','2.1','2.4'],
         ['3.3','3.4','3.1','3.2'],
         ['2','3','1']];

var d66 = [['1.3', '1.2', '1.4', '1.1'],
          ['2.3','2.2','2.1','2.4'],
          ['3.3','3.4','3.2','3.1'],
          ['1','2','3']];

var denk = [['1.3', '1.2', '1.4', '1.1'],
           ['2.4','2.3','2.1','2.2'],
           ['3.1','3.3','3.2','3.4'],
           ['1','2','3']];

var geenpeil = [['1.1', '1.2', '1.3', '1.4'],
               ['2.1','2.2','2.3','2.4'],
               ['3.1','3.2','3.3','3.4'],
               ['3','2','1']];

var groenlinks = [['1.4', '1.2', '1.3', '1.1'],
                 ['2.3','2.2','2.1','2.4'],
                 ['3.2','3.4','3.3','3.1'],
                 ['1','2','3']];

var piratenpartij = [['1.4', '1.3', '1.2', '1.1'],
                    ['2.4','2.3','2.1','2.2'],
                    ['3.2','3.4','3.1','3.3'],
                    ['1','2','3']];

var pvda = [['1.4', '1.1', '1.3', '1.2'],
           ['2.3','2.4','2.1','2.2'],
           ['3.3','3.4','3.2','3.1'],
           ['2','3','1']];

var pvdd = [['1.1', '1.3', '1.4', '1.2'],
           ['2.4','2.3','2.1','2.2'],
           ['3.2','3.4','3.1','3.3'],
           ['3','1','2']];

var pvv = [['1.4', '1.3', '1.2', '1.1'],
          ['2.2','2.1','2.4','2.3'],
          ['3.1','3.4','3.3','3.2'],
          ['3','1','2']];

var sgp = [['1.2', '1.4', '1.3', '1.1'],
          ['2.3','2.4','2.2','2.1'],
          ['3.4','3.3','3.1','3.2'],
          ['1','3','2']];

var sp = [['1.3', '1.1', '1.4', '1.2'],
         ['2.4','2.1','2.2','2.3'],
         ['3.4','3.3','3.1','3.2'],
         ['1','3','2']];

var vnl = [['1.2', '1.3', '1.4', '1.1'],
          ['2.2','2.1','2.4','2.3'],
          ['3.4','3.1','3.3','3.2'],
          ['2','3','1']];

var vvd = [['1.4', '1.2', '1.3', '1.1'],
          ['2.1','2.3','2.2','2.4'],
          ['3.3','3.1','3.2','3.4'],
          ['1','2','3']];
